1	0.56725	0.58727	0.64896	0.87179	0.50278	0.52643
0.56725	1	0.91256	0.58013	0.54812	0.5838	0.15765
0.58727	0.91256	1	0.70982	0.69006	0.7535	0.292
0.64896	0.58013	0.70982	1	0.73668	0.83832	0.38552
0.87179	0.54812	0.69006	0.73668	1	0.70833	0.58359
0.50278	0.5838	0.7535	0.83832	0.70833	1	0.28924
0.52643	0.15765	0.292	0.38552	0.58359	0.28924	1
