1	0.70672	0.66006	0.86344	0.86083	0.74164	0.69185
0.70672	1	0.89391	0.86746	0.85283	0.71539	0.73232
0.66006	0.89391	1	0.82884	0.76571	0.68437	0.63675
0.86344	0.86746	0.82884	1	0.89883	0.82998	0.76559
0.86083	0.85283	0.76571	0.89883	1	0.74814	0.70545
0.74164	0.71539	0.68437	0.82998	0.74814	1	0.65614
0.69185	0.73232	0.63675	0.76559	0.70545	0.65614	1
